25.0308278809 23.8553605957 20.2854699707 34.3784879208 29.8033420748 20.1919067078
73.2070528985 71.1860146896 78.1825500191 73.0975530256 73.69457965 63.2447765423
87.1142365934 90.163788098 109.433547454 58.9126782257 61.2733272357 67.7772735676
0.197381714357 0.421927553966 19.2581866529 0.681065441086 0.855747393395 36.6484204283
115.661865967 149.696927734 74.9985397949 54.3934842423 55.0802821717 74.6880571865
70.9673359729 104.632500628 106.088675214 49.6264708817 57.223356104 63.8196685925
173.589616 152.859172 207.911013333 54.6136338622 60.3520907631 31.9699270154
206.043924088 211.260325762 215.952112971 62.7984846599 53.5272635373 47.8403930682
63.8507881944 56.1222215278 61.2521263889 69.4183320759 61.4240936494 67.6478171636
26.1449817708 78.1880885417 88.46953125 38.3642550589 74.0279771353 85.7962999019
36.5298312236 67.5676540084 114.719 42.2040319975 49.5231932722 56.4967897689
34.0988094618 28.642734375 34.1874956597 40.3434480814 45.2937507876 58.9563737445
14.4704683642 56.897830054 95.3368192515 19.7523181409 63.1173769428 76.923725147
47.6847928365 38.7382494609 32.614877065 48.9595343772 36.542482604 27.3427583447
37.8029722222 66.4641064815 60.4880648148 50.1133252879 53.7812356147 47.6985489351
106.322268454 109.734236785 102.068369548 90.5531138044 74.4576920351 91.26161171
58.8680671538 113.653215611 113.292087103 28.0783423228 48.1470865664 81.7845235457
116.816782407 131.928804012 152.72544946 58.1716113054 53.6310683978 39.9551356483
51.9193347953 71.7415031548 119.692303401 50.3941530066 49.2562995631 55.7596197226
72.4635513117 94.8679533179 121.878624614 56.3102281009 62.9369335767 58.9810449637
26.6709902263 61.5744032922 89.1095807613 30.5933323043 54.1157145368 38.8314971454
126.135978009 125.845364583 128.971785301 72.0685918984 56.5684866377 59.0658504801
40.0811826172 140.239282227 112.451954102 33.6031746403 37.5191773734 42.0748766174
193.374454545 193.374454545 193.374454545 49.5088442685 49.5088442685 49.5088442685
113.914128086 113.914128086 113.914128086 75.4980145517 75.4980145517 75.4980145517
34.4208246528 36.8868103299 41.8053984375 59.3740544107 62.0498219203 69.4133806372
79.5376060013 96.5140410959 73.0363959556 78.6964151327 75.4757472733 76.3884050803
112.73922309 100.882579427 71.1140295139 53.0280867886 48.5775507404 39.6949398523
11.199997428 29.3110262346 62.9706995885 17.4956702022 43.7280405657 73.5474996325
105.443778292 122.300437243 130.389989712 80.0719207167 86.6796376204 91.4984253592
160.554537037 162.163302469 165.983865741 50.1162357669 50.1860243096 48.116084613
102.503503086 118.706764403 135.869560185 57.1165009803 50.1251511448 41.7191109379
89.5192916667 109.875991753 94.8435716146 74.3597393089 70.261995936 70.1926692296
86.5720562544 128.712412648 151.954760657 54.1465117807 57.5376768237 53.5551757958
103.599203431 100.455085784 87.7717553688 53.7611002257 57.7338155177 60.995484504
135.03211527 153.598508616 130.768775995 74.0861000214 67.8813901179 74.2000255816
180.066608162 207.431929216 222.401646082 98.8370609277 67.2365867666 54.9342666391
222.500786024 199.983445747 240.915736979 46.3951660846 68.9463395461 20.6368990403
168.011911621 137.582118652 236.698585938 42.5023325268 43.7416784573 30.3033389371
117.148710069 163.657343316 189.447621528 54.8822003461 52.3533064662 41.8579113503
56.143905816 49.6928927951 32.4252252604 75.3227270653 67.0236724208 45.8179749729
110.679628038 97.1022239583 123.995015625 60.0117131456 57.769729208 70.6770221897
156.932086979 159.837105208 171.56535 35.6199764559 34.0334195999 39.8377967409
126.608746962 137.711223524 152.247101997 69.9841513095 64.9041145672 62.7846879698
41.6081008873 28.2160281636 24.6427223187 49.7143143654 42.2472972582 44.0030626799
51.6311054688 83.3702200521 71.5852508681 53.5530419068 50.7772303713 58.7893950925
63.4166666667 101.371458333 19.67996997 54.9540985091 48.6044222492 27.8167238514
36.0455666474 80.5614945023 33.517195216 42.3828186955 53.749905364 44.077775124
151.936728424 157.173037054 198.515792683 60.5556573024 70.1006720434 25.7084334381
33.3779557292 63.6266102431 60.9948697917 56.5993340869 81.8205384137 82.8062075161
31.6499054417 83.4365801534 59.8255303654 37.5586600851 52.9301579817 52.2480436698
48.7920359375 103.884124479 110.902680208 62.0295370957 72.6095028894 78.7204792863
56.1439404297 85.9139382324 103.281855957 81.6881336343 63.8453288157 66.8624419838
73.6555189043 79.1903959298 38.0579152199 58.3898259834 51.7005368174 42.9620594611
189.289699951 157.967392822 105.622493408 30.7316402168 39.2661766712 67.8498424023
35.3886868248 39.1509712577 50.1987234761 39.3173313044 57.0589345407 69.6298412593
193.011329688 147.588333333 19.6121916667 69.9071149684 48.8643588835 27.615357301
146.877148841 87.6682961204 54.7252773989 100.016251774 76.5773215889 58.7873789912
122.956556552 40.7535078087 21.3630963275 54.9527826516 37.5092237046 28.2056409827
161.978288002 40.0761424576 17.4082720872 87.2939067281 43.1245491173 30.918859975
152.314316109 161.321405775 211.508320669 68.3266012799 60.7996549605 42.2932799214
90.0691703704 105.843614815 194.879614815 107.208114078 102.471235292 56.4572833714
100.231929947 114.390034215 116.872312109 81.4451552991 66.9167325848 65.5951650987
62.6078148148 89.7176481481 105.999877778 42.0959144455 31.1733082589 47.0633381336
24.0837407407 27.4732894376 43.5300246914 20.5184415321 44.9902986325 69.3235045148
13.4417394869 15.0441888503 13.7164954668 31.4044988349 34.1538431995 32.0624319977
163.040666463 162.862306152 158.4899793 68.7342156993 68.767914421 72.5338662001
136.969741821 140.254601796 146.341609955 59.8517432547 54.8560511152 39.5531898132
83.5656137566 95.4755996473 113.240238095 79.8990811541 78.2017809964 74.8310846926
104.974786772 95.8206144267 161.637212171 90.9149987625 92.0461660706 85.9533925244
98.5545521542 117.870555556 98.1812063492 77.4553629498 61.4833947342 63.3941884669
41.2574674384 98.1895741825 61.1368569653 56.6713694401 68.8091710785 46.896013833
93.8291083984 122.532724609 80.8895126953 64.2358257268 60.5927323229 59.6698499638
99.1315229167 55.48533125 114.754897917 87.7122431095 77.2242889618 87.7336594352
31.2969335938 57.5526549479 135.573296441 41.338695019 52.5851585792 62.8173968519
182.233985584 190.191207806 207.618110056 58.080171439 55.6040486931 35.0600268168
74.4957040895 48.8005989583 10.0527618634 54.1344405193 40.3942741403 21.304225346
124.596468519 48.7517333333 167.630975926 81.5466195642 58.4926049042 69.0684174149
154.467330625 132.039220625 202.656081875 64.9917036645 62.3449916984 51.8058954024
128.357479237 93.1916732788 197.153438851 78.7803090043 74.2544812583 55.8955919282
85.3524674453 44.9166225484 193.891450716 52.1032374424 34.5033836759 46.8886744696
52.1690390625 93.8118307292 92.9662300347 61.1859763211 62.5784539151 59.2943549128
28.8008256173 10.1591535494 58.8335208333 53.1651943161 26.0755569332 74.9656575898
93.7009209745 101.826928105 98.6123410576 78.9327051865 62.3007673593 112.205706363
48.2385804886 83.3251174444 191.662570467 35.2325859497 44.7685595698 52.7918416297
4.96630902778 0.208092881944 154.365478299 2.55509165992 0.467336154872 45.5165404374
136.405491753 211.775014323 173.602414931 74.2308173614 57.3579242013 54.5448451286
20.2665195313 36.5782851563 60.9627929688 27.0252321637 44.0598914702 61.2650880135
76.2060777346 103.569730759 86.0529181163 97.5159174285 64.4417956358 60.0651014426
73.3703184983 108.821316177 104.08346632 30.0626603663 42.140054237 44.6078656195
34.7391981337 23.0446299913 13.672641059 51.7046164807 40.7004286312 29.2310966148
106.901657552 136.50388151 139.206011285 88.9105006123 75.4834034523 75.5139519128
189.452505208 159.865476042 136.007335938 67.6892472649 57.3035896034 78.3751697422
49.8462463379 148.425131104 141.148250488 55.8466681106 68.575570296 81.2050675447
143.083345238 164.283 192.176011338 66.3914456654 59.0374191987 39.6791396049
223.499004364 218.487110138 225.795902252 54.7488073306 54.1197562121 20.2229624484
91.7167797852 133.574785645 122.227503906 82.9064156271 72.3617482294 72.1697847363
59.9863271605 80.9237803819 55.2159124228 52.5864006044 75.126421449 88.132079685
88.4904952257 94.1425373264 48.6700243056 58.4926373492 58.0985952491 52.3430046604
44.2135625 48.3099201389 45.1928103299 57.2769148546 54.9631407175 62.6831935831
70.6286189988 73.3474677986 72.6875036593 61.7660841833 56.6687126697 60.8112540707
35.0742291667 106.914554253 55.2288268229 50.9427787782 65.1251982414 66.4447609691
63.6548847415 124.447276717 101.603673322 44.6432955405 64.2657469696 56.2821479234
67.9577305556 92.4757333333 101.336575 56.3824354328 65.8973999095 74.7547151718
151.814095313 201.580814063 231.528489063 97.2380674576 66.6246705224 43.9054268884
142.646471354 116.829915365 66.7835872396 89.4466657489 61.0415781359 65.2606060397
95.0941813333 101.497797333 98.16968 51.0411669591 48.0883280691 47.5849090157
31.6263016493 94.4775911458 46.3249079861 34.5157506338 63.2660139787 62.5867026313
21.2177773438 15.0603730469 25.6429550781 44.0342720616 38.5352940601 52.8220808375
112.241711979 107.108371875 163.603621875 83.6719892759 83.3654096016 38.7601968843
78.7896818324 105.769115854 166.801327653 70.4040302979 49.5932750219 71.2217789296
141.606196094 143.888729688 196.771766406 98.9363080695 101.492825659 68.1523036803
64.49512736 99.6895726522 74.4437395732 70.8359989756 66.8928558695 72.7623560071
38.753180186 75.6325620015 110.545449575 52.5546576136 76.2416500858 59.6657292258
103.384563477 158.368853516 165.884960938 75.2919756823 48.7824010696 61.2547352474
148.180546393 160.217634066 124.647661073 60.645516526 53.7800077591 49.8231191516
33.5335580633 36.3656090856 59.628435571 43.1065607208 53.299881214 59.4545975012
126.775636037 89.5307248433 62.321337382 67.2118062624 60.9353225772 53.4348095886
47.257875434 47.2023715278 116.526676649 43.6611165744 44.9118681702 55.9432484879
24.0672340393 22.3841873169 62.381098938 31.8393768991 34.1091859484 64.2519274218
209.815819827 207.293849208 190.699768779 63.4539202003 56.555407146 74.1373562028
37.7628291667 27.4872864583 31.0621244792 52.9402992176 56.5787606906 52.1223816032
111.938914063 175.921908854 191.044870833 61.376604428 37.5966109843 45.1814420806
68.4529953003 44.1189308167 67.7608032227 73.6904535836 57.5663437532 67.4629744174
117.770665962 111.432411323 97.5592700258 57.1333508114 44.138528548 48.2920489534
111.662471185 116.116418857 118.681780198 56.8773612134 53.3658804682 48.8258939923
202.600802624 205.020921738 206.1540992 58.0932639231 55.6851190102 54.0069803715
42.0832638889 53.4050868056 87.4451186343 36.8095675748 40.1162606821 40.5078776441
117.858665809 121.9375858 128.728737666 75.0176481809 75.8957098896 79.3449535224
76.0351659373 77.1711418065 79.2435251033 82.7032304423 83.5825856837 84.6458874436
77.6904786151 95.2418618466 126.7884759 63.3384973855 66.2754646285 66.0832428789
143.177618454 150.09939734 161.296255888 62.1660066557 57.1767752022 53.3716356628
86.9562686916 79.4291828271 185.107969626 72.6422108386 74.7740204123 76.5215908252
142.227759364 152.401007471 182.365317235 64.5569313184 51.7608256493 36.781631856
127.137102623 131.884158951 135.705081019 61.4564598203 62.1274370363 62.9420234195
87.5222684223 94.6111804112 171.825326288 71.8113668827 68.2468990288 49.1900561155
116.992634388 113.892453061 197.931046168 47.3932542212 47.3928103365 36.1709651272
73.058599537 128.695295139 140.497256944 36.3566329648 49.9497440359 50.5414560257
57.6842528129 66.0735636428 120.012670534 68.405451572 74.1993318395 66.6263047344
150.036870409 149.550306051 149.09217238 94.7226153138 87.3285285126 83.5825509318
77.5842263406 78.5652336527 80.1504853757 69.310604106 71.4717257277 72.7846466024
180.122692901 196.609035494 204.323566744 45.9018684193 42.0027332958 38.8470426367
51.3543599258 64.1328617811 69.2678339518 46.2103949226 49.2183820897 51.9298995404
58.4863628472 65.5973943866 81.2636125579 45.2330253782 49.7331024066 64.6147153641
180.68492355 185.398201654 171.173918544 53.2646539577 45.6877133778 54.3747353037
63.201718107 92.7389274691 133.155465535 40.3987835469 43.8631122392 54.2878884752
115.135358187 130.208703704 141.194795322 73.4742135236 70.5914447812 71.6584228783
60.8318029835 77.3603935185 115.378351337 47.3579891378 49.1338133148 59.8305773804
125.970961696 136.383513042 144.90721144 51.999565157 53.3938160331 56.7535509519
73.5364137308 77.7812059621 81.9994444444 68.5686862933 69.2199326812 68.7584882148
180.263517791 181.445284872 173.52612148 56.6686605218 52.5701074724 55.5428449863
189.335732054 177.049366264 165.604628643 57.0649388823 48.4038141688 50.6810801845
61.3713772542 67.9323356603 72.6538379872 42.3460974916 43.3945308547 45.9507822979
155.697249455 125.803398693 109.216772876 57.1312324971 68.3608847884 79.7376234941
107.056361607 114.767127563 124.296405837 67.2014657415 63.2347522206 60.2515437598
151.542137629 151.372738181 157.30911927 99.6097658558 100.413294592 96.3888568077
69.6470634152 84.1853951335 97.5212263135 38.0489301213 39.509663199 39.9298109225
62.4734259259 62.2223173868 61.9487962963 68.2713666157 68.9280961187 69.1593945425
20.4157101398 22.1734363895 28.936889955 23.7287840161 28.2970350772 28.9365459454
88.42039801 90.658075693 93.8586042999 71.4920647146 73.8667522984 75.1416587116
115.8464989 155.894581958 180.821812431 47.8529591884 58.8719368047 59.3905753101
51.6334830729 51.9545703125 56.9669596354 36.7359871949 39.4917313167 44.1222382664
85.2417387818 96.076041075 99.4335427178 42.4132817087 42.4054406214 44.9483824029
78.9524739583 94.3032841435 112.308133681 29.0664544494 40.6962514864 52.061722059
60.5402575231 46.7820109954 26.5359027778 32.7231825766 31.8973632681 32.315654823
30.2445445757 30.3289925052 181.040541909 16.7061595281 16.6015122545 47.2472579351
128.064329668 119.620291281 89.0587037037 56.2072244197 61.1549142455 74.4187114396
89.9352210884 103.586420068 114.598707483 64.6711225046 62.8195803427 66.1735371999
62.526625434 106.862932726 81.0392217882 54.8885273548 47.9971831709 43.8909794255
82.5587966489 86.7912319117 95.8754569688 56.3618510411 55.8990822506 59.1309082143
126.296154167 125.155340104 114.287921354 61.9402221064 59.4929977162 60.8328891457
68.6066188965 49.927885498 53.4373979492 85.9428299716 44.6702871454 55.0940304244
73.0903777778 135.070055556 193.320044444 63.5008485391 66.5008607546 56.2253797418
114.919920573 82.1243823785 97.1716332465 62.2411539554 53.0751742972 64.4518229644
41.8018869723 54.3602119174 65.0755780259 52.7579889532 67.4627091214 75.8993343225
31.1310329861 81.5625843943 82.1506129437 32.5580894757 49.8306066164 49.113843814
103.426819336 89.90628125 57.4588740234 82.0823685609 60.0159959472 61.2639023928
94.0161191091 119.16017316 135.277453382 38.6610011073 49.8893164526 50.6160938422
105.8424 110.829363889 138.905386111 82.1306754576 68.8486141835 81.3039934846
181.44179321 166.604706019 114.52971142 65.8233637734 63.9872589766 63.6222705637
34.0650029343 88.5712992958 84.4778955399 47.0309919105 78.5576526336 82.5193390245
87.2760112847 75.4264930556 155.23768615 66.9170351822 58.8368826053 68.734863354
33.3693998978 49.5408440474 94.6696645086 35.1832350592 35.8331239886 74.2551057819
55.6203028549 69.9430304784 87.4248804012 70.3433891521 68.0135631079 72.2655062162
109.075294243 135.94206823 116.638302772 89.347456525 73.6742576689 70.2932075877
57.1872535687 93.8693542631 94.7415557485 52.0465475765 63.8554865814 58.8053436264
82.8369040538 96.2465646352 57.2540015709 98.133271474 56.7664312583 62.3337010074
58.4240697225 52.0281766256 64.615737915 52.4805000288 53.1717547427 68.0244478664
83.1447855903 64.6209835069 85.7949383681 111.444901082 87.4473554685 115.09775886
231.642026563 224.571023958 212.601024479 32.564425348 39.0341905467 55.416811334
100.042409336 95.2565272955 116.514334008 85.4406551301 72.3743725557 83.0953858356
24.0730343364 122.334228395 157.803484761 38.5328154838 47.8877706602 54.0392695898
75.9907374005 102.418986737 119.919915119 39.1968227903 40.6856370258 45.6510776012
82.5715609018 104.40725568 113.357891487 55.724985373 59.2347072969 69.1367907937
67.2274982639 53.4103003472 43.457328559 53.3358377155 48.0642469338 52.5196174854
43.7687746463 64.1257625841 53.9136598237 42.5778571698 45.879499881 41.6312264745
191.42435 198.179498047 198.659992969 79.0908403685 70.1232890136 75.9153615254
36.9909665799 36.9909665799 36.9909652778 36.9759122922 36.9758651871 36.9759901801
41.1909395854 39.1981747945 37.9934565226 25.2127547658 21.8098417267 21.2606754887
168.437784628 198.842771031 201.426658897 60.9153262119 74.9003755492 78.9137641042
96.4658675733 101.200129244 92.2754494599 64.8341133595 61.4280793424 56.0931926534
80.4671777778 93.1418814815 149.206881481 34.8628984117 37.2878461385 59.0864153722
163.402658667 141.192626667 194.152998667 65.4835129734 61.8689240166 51.1080258871
85.338094043 101.742745995 150.473194065 67.967906288 67.8921298465 64.4724799196
82.1404985352 101.606011475 96.4261674805 62.0664063112 43.4720907779 54.5183194728
29.7865756944 168.995122917 93.2190590278 36.2310055322 29.1216428293 36.923889304
179.228286892 175.125746094 170.256174913 79.3735845025 79.9909851419 85.7466943697
28.6707320602 81.9041174769 79.0251345486 31.6248885725 49.6784389617 59.5913291102
97.7918421427 95.9631398519 80.4028129578 71.2941169917 61.3069776925 79.072360237
52.8175597994 104.626379244 124.046408179 74.8218262511 67.2596916387 67.6862351049
44.3351427469 74.975 95.91609375 39.2084336247 53.2694512524 57.8235226451
82.0067881944 151.895765818 166.450534336 49.4333691777 42.0348480941 39.2587398255
141.469832102 107.437452952 111.167483012 67.2889108723 62.3656942921 62.9422990284
108.625970801 150.63100197 146.502398196 76.0220822968 59.6546312392 61.5382855073
55.4572376543 163.406354938 200.467098765 55.6462296019 47.2566992676 32.7420070952
124.996540881 132.733697298 145.481501863 60.0553419817 56.6159072826 55.8742428243
62.0453854167 109.348195 162.207231417 78.8441321379 69.4588259396 57.6829852532
107.884877358 122.808433962 151.920716981 74.3222980177 66.1793543634 64.6538639936
91.6451711998 98.2788141397 103.930469232 65.1529254361 59.1941754113 64.4314019523
96.2932557078 109.123159817 139.434118721 85.842077027 86.8545643718 82.3847805764
64.2215648148 108.538848148 152.561762963 44.1352844038 45.8888381297 54.2909783461
97.274159808 117.685984225 102.772578875 75.7233173678 69.3586497068 60.4170890674
139.95249 199.10682 189.60811 102.076459053 56.5464063357 57.9217108883
98.2590255208 104.512945833 113.090032292 91.3350339926 91.5895585053 93.3239171148
101.659363531 61.2090098072 41.6206732048 112.343067352 50.7331808275 45.2442568996
221.771174622 143.903222656 89.7907432556 19.9532665001 36.9433707229 47.469820628
172.958608333 56.9548083333 27.24448125 58.8764624311 55.4472571027 43.9031021323
74.9280727238 83.968898534 37.6383256173 72.8353409141 56.9661697438 50.1725045965
151.877251157 149.260387731 119.244673032 68.5172003519 52.7648264365 56.9924316697
65.7670871914 51.5649585262 48.1961448688 63.9279684471 60.4703283809 70.088490222
115.769587054 151.909598214 189.593002232 22.6188177536 30.03141691 42.1364655619
132.344649123 108.65924812 106.824649123 59.3635545921 61.7380860161 58.9265633319
55.1775462963 54.2024166667 64.9194320988 63.9296965725 48.6157474585 47.3121954907
77.8827246094 94.1706262207 104.643084717 56.234762892 61.4773186883 67.1384405364
86.6044787696 47.7712270144 162.437120695 57.0146813778 47.6905978221 65.1566275657
113.031259549 72.367156684 145.654239583 64.3012753831 65.4039801609 52.0919346406
108.209398148 97.9452599344 91.0781389853 62.6977886639 56.2537848414 58.6231503574
75.6701728395 98.5988734568 105.120287037 69.1050897553 61.2445101745 60.7245432883
192.884359375 155.230541667 87.4762421875 53.228122669 64.6307107286 78.9936733565
70.3213258474 130.102970771 105.407326689 45.6030824837 62.4246531609 57.9959427606
129.837680746 108.945901509 46.5806617834 86.8137025651 68.1865249865 64.7711144259
133.468252157 127.286144613 192.410019124 42.5848163842 45.4553207313 34.9533142754
149.535919189 133.973440674 96.68571875 74.4988652772 66.466114593 66.8084570533
158.722722222 131.21234158 80.5944388021 83.0841212863 51.8056999042 48.8293796365
14.7238372396 56.6710664063 16.5445269097 19.1978856307 44.8259418589 29.881250334
95.8740990803 108.243407191 122.656703595 76.0055656608 72.0229406534 70.8712533059
6.22138350939 16.0815458725 51.8647862872 15.4928055456 26.0384850416 55.9314403304
30.6264718364 78.0337663966 24.2282817323 28.6374587128 64.1935709656 31.1068986051
103.311402899 100.347914408 83.5092076726 45.8866145198 48.8281576808 65.8227737168
121.963910494 74.3150451389 106.691188465 49.4753771806 40.1782825196 53.157091551
135.096943896 192.489683813 87.1728868313 35.3667897872 31.0247240496 56.0740812906
109.720950146 97.3719451946 93.2660231267 90.6426367827 61.2928668797 60.6665566862
115.446348611 127.238128472 126.082486111 89.6540966832 86.2446784331 79.4563001064
90.923483582 99.0237306027 119.350026792 69.8586474835 65.0225164044 74.2079659955
124.991300154 120.096047132 110.848249421 56.6092990161 60.0502397351 71.3940203456
92.9618537809 123.03692344 132.05981385 46.6626833983 48.53099382 76.5199994862
186.696821606 187.274282898 99.3359806634 40.9945093926 48.976235044 94.7637142528